10

4 10
2 13 8 4

10 1038
1 1 4 6 8 1 700 300 10 11

5 13
5 10 15 20 25

10 5000
1 1 4 6 8 1 700 300 10 11

14 1048
2 13 8 4 1 1 4 6 8 1 700 300 10 11

51 3477
2335 2501 3170 3725 3479 1359 2963 465 1706 146 3282 828 1962 492 2996 3943 828 1437 392 2605 3903 154 293 383 1422 2717 3719 3896 1448 1727 2772 3539 1870 3913 1668 2300 1036 1895 704 3812 3323 2334 1674 665 3142 3712 254 2869 1548 3645 663 

67 47
860 724 1742 3530 779 317 3036 2191 1843 289 2107 1041 943 3265 2649 3447 3806 3891 2730 371 3351 3007 3102 394 3549 3630 624 85 3955 2757 3841 967 3377 1932 2309 945 440 627 3324 1538 1539 119 2083 2930 542 834 3116 640 1659 2705 1931 1978 2307 3674 2387 1022 746 2925 3073 2271 1830 2778 3574 1098 513 3987 1291 

51 3646
2356 768 3656 3575 32 53 3351 1151 942 1725 1967 3431 3108 2192 2008 3338 3458 288 3754 2384 2946 910 210 1759 222 2589 2423 947 3507 1031 414 1169 901 592 2763 1656 1411 2360 3625 538 1549 2484 3596 42 3603 351 2292 2837 1375 3021 597 

31 2358
3200 3669 485 282 735 54 2000 2419 3939 2901 3789 2128 468 3729 2894 649 2484 1808 2422 2311 2618 2814 1515 2310 3617 2936 1452 601 1250 520 3557 

68 313
2225 3009 1845 610 2990 703 3196 486 3094 2344 2524 1588 1315 1504 3449 1201 1459 2619 581 3797 2799 3282 3590 799 10 3158 473 3623 2539 293 2039 180 2191 1658 3959 2192 3816 2889 3157 3512 203 2635 273 56 329 2647 2363 887 2876 434 1870 143 3845 1417 1882 3999 2323 2652 2022 1700 3558 477 3893 390 1076 2713 2601 2511 
